10100000100110000010
11110011110001110110
10101100010101010010
10101110110100110111
10101001000101100100
01001010001100100100
00010111000100000101
01001101001110101110
11000010110010001000
00010011101011101100
10000111001011000111
01010111110100101100
00000100000110000100
01010000000010000000
10000001001110001100
11010111011110001110
00000000000000000000
00001000110000010010
00011000100010100010
10000000000100110000
00000000111000010001
00000100111011010000
00100100111000100001
00001010110011000100
01100000010000010010
00001000010011100011
00001000000011000000
00011001010001001000
01000001000000000000
10010000001100010000
01111001010100011011
10000000010000000000
01000010000000001001
11101001001001110001
11010111000100111101
10000010010000011001
11100010100001111010
01100000010111100011
01000001010001100001
00000010010000001000
11000001010100110110
10000010011110101100
01010101001000100010
01000101000101101100
10100101001000111101
10000111011001111010
10100100001100111001
10100110001011001010
00010010000000000010
00111010000000000110
10001000100000000010
11000000000100000101
00010000100101010000
11011000100001000101
01101000000000010100
01000000100011010100
00001000100000010011
00011000101000000001
00100100100010100000
01000100001000000000
00100100000000000000
00000100100000000000
11000100011001001000
01101010011111000011
00010011100000000011
01011100010111000111
10010101111100101100
01000000000100000010
01001000100100100000
01010000000000101001
00010001011001000001
01000101110011000111
10110110011111001101
01010001000101000001
01000000100110110001
11000110100101010111
00010001000101101100
00111100101010111101
10111100010010101010
10100101100111010011
00000010100000000010
00000000101000000010
00100110001000010000
10000000001000001001
00100000001000000000
00011000000000000010
10000000011000010001
10000110000100010001
00111000110010100001
10000000100000001001
01000100000000011001
00010010000000010000
00000000000000000001
10001000001000100010
00000100000000000001
11001100001000000001
00111000001010000110
11111111101110100111
11011001110111101111
01101100011110011000
01011010011100111100
11000110001000000100
11011011001000001010
01100011101000111000
00101110111001110110
10111000100000000011
00001000000100001100
00011000000101000100
11000010100001010001
01011010010101001010
00001010011001000001
01000001000001101001
01000010100000100000
01011001110100101000
01101011100000101110
01110000110011001000
00001000000000001000
10101010100000000001
00011000100001000000
00001010000000000000
10001000010000000000
01001000000000010000
00100000100000010000
00001010000000100000
01000000000000100001
00100010000001000100
10000000000001000000
00000000000000100000
01000010010111111100
11110010101111011101
00110011101111111010
11010011101010111110
10011010100010010111
10110011101000011010
10100101101110010000
00111000000001010111
10101001010110000001
11100011011010001000
10101001101001100110
01000000001010110101
11000001010000000100
10000010100000100000
11110100100000000001
00010100110000010001
00010100001100101010
00010100110000001000
00100111100000110011
00111100001000011000
10011100110001100000
00010110001001010100
10001000100000010100
11001100100100101000
00000110110001001100
00000100010000000110
10000100001100100000
01010110000000000010
00000100000000010001
01000100000000000000
10000000000000010000
00010010000000000000
10111001101101110101
11111011101111111111
10111101111011111011
10101101110010010011
10111001010000000111
00011001110011010100
10010001110001110101
11010101010001011000
10110011110000011001
00110001010110101101
10110000110110110001
00110010011110011001
01000001001110000100
10100010111000001100
00100010010100001000
00110010000010000100
11001000000010010100
01000100100001000010
01001101001110101000
01100011001010100000
11111100101001100011
10100100100001011001
01000111011000100000
01000101000001100101
11101101011010101010
00100001100110000000
00000101010000101110
10100000001000100001
11000001100000100100
10000001101000100000
10100010000000000000
01100100100000000000
10100010101110101110
11101001011010001100
01100010001111101001
01110101001110101001
01011111111110001101
10110111001111001000
01000110000101011000
01100000001111001011
10011101101100001101
01111111011100010111
01011011011101100101
00001101111001010001
01011101001111110011
00011001000100010101
00010010001001010001
10011000000000010101
10010000001000000110
01011101100101010110
00001001000101100001
00001010100101001100
11001101100101101101
01111100000101001100
00000110101001001010
01010000001001000110
01101110001001100000
10001100000101100010
00010100000100000000
00000100001101000001
10000100010101010001
10100100100101110001
00110000001001010000
00011100000100010000
01000001001000110100
11111111111110111101
01101100101010110011
11010010011100111000
10101010111000010110
11010011010101010011
01011110010010111010
10111000000010101011
00100010011110001110
01100100100000100011
00000010101000101011
01000100000001010010
00000110010001110000
00000011010001101100
01000001010000000101
01010001010010011100
00100110001000101000
11000010000010101010
10000010010100111100
01000011001000001000
11010000010101110000
00010010010110001000
00000011000101011000
01000010110111111101
00000010010000001000
10001000000000010100
01000101000000101100
00000101000000100000
01000000010000001100
01010100001001100100
10000000010001000100
10000010011001010010
10111000100111001101
11111001111111101110
01111011111001001011
10100011010100110000
10101111010011100011
11111100011100000111
01001001110111000111
01101100011001001111
01110001011101101010
01001001001001000110
00101001100100000010
00001001110000000000
01101101111101011010
01001001011000011101
01101000101101010011
01000001000000010001
10000011100000000000
00001001010000000100
00000011111010000010
01011011001001001000
11100101011101011010
10010011110011101001
10110101100010111100
00011100001000010111
10111000011000001011
01011001001100000011
00010000000000000010
00000101010000000000
00000100110000000000
10101000010001010000
10000001000000011000
01000100010000010001
10111100100111001000
11011001001000110001
11011101111001111001
00111000011000111100
01101010010101101000
10110111011011101011
01000100001001000000
01010111110100101010
01011010001110000010
01011100001101000000
01000001000010001000
11000011010001000000
00110010100101000001
00010111000000010001
01011000000100010000
01000001010000011000
00000001010011000000
01000010010000100100
00001010011000000111
00101101010011000000
10100101110011010000
01000001010000100010
01100000001000000000
01100001010010111001
00000001111011100110
00100010010000100100
10000011001000100000
01000010001010000000
00100010001010000001
00000100010001100001
00000001000000010000
00000000001000000000
00010001101001100000
00011100101000100101
01010111010101011001
01011010111101111001
11100110011111100111
01111011001110100110
00100100111110101110
00110111001110100111
11100110010110011001
00100011100111110111
10101100100110000101
00101010011001010100
10100111110100010010
01101010010101001011
01100011010011011010
01100110000000000111
00000000010101000000
10100011011001010001
10100111011110011010
01000001010101010100
00000000110101100000
01111000101000110000
10000010100001001001
10000000010000000001
10010000110000000100
10010000110010000001
00100000000100000001
00001000000000000000
00000010000000100000
00001100000000001001
00000011000100001001
01000000000100000000
00110011101010101001
11011001101111111110
00110011100111110101
01010011110010111010
01010101110010011011
01100011001001010001
00100111110011011001
10100011101011000111
11100000010011001101
00010101001010010100
01010100010000110101
01010100001001100100
01010100000111110101
10011110000100010010
11001001000100010011
01101000000110000011
10011010000010000000
00010011010010000000
01011010010000011001
01011010010000001100
10000010001101000110
10000110001001010001
00000000000000101000
00001010010110110000
00010110100011110000
10010010000010000100
00000000000000010000
00000000000000010000
00000000000000000000
00001100000101000100
10001000000101000100
10110000000100000000
01100000001100100010
11010110111111100111
11011111000100111100
01101001110110100100
00000001010111000110
00111101011110001001
10100001000100101110
10101111000101011000
01000001000100000001
11001100001110001100
00010001000100010001
11110000000111010001
11101001010101110011
11001010101000000011
10010100001000011101
00000011001100101000
00000000000100000000
00000100000100100010
00100001000000100011
00100000000100000001
00001000000000100001
01100000100010010000
00001100000101000010
01101010101001011000
00100000100101001000
10000110000100010001
00000001000100011000
10000010000100100000
00000010000110000010
00000100001001000010
00000100000100100000
10101100001100100010
00100000011001000000
10100100001111111110
11101101111110111110
00100001011111000010
10101100010011000100
01000100001001110100
01000001110100101010
10110100110111001000
10000000001101010110
11000100000010010001
00101000001111000010
10101010001000000110
11001000110001010010
10100001101101000100
00100001011000010101
00000001111011010101
10000000001000000001
01101000000001000000
10000000000001000011
00100001001101010000
00011010000011001011
00010010010001001100
01001000010000011011
11011010010000011101
00111110111000111100
00111011010000110011
10000100010000110001
00100000000000010000
01101001100000000000
00000001000100010000
01000001000100010001
01100000100000010001
11000001001000000000
11111111111111111111
11110101111001011001
11100101001110100101
10010100001010010100
00011100011010100100
10001011001100100110
11011011110011011110
10110000011010011101
00101011010001110100
10110001001000001101
01100000010100010000
01100001110100010110
00001000000100100011
01000101000101010010
11000101001111000010
00000000010000000000
00001000100000000000
10001000000010000010
01100000000000000000
00000100100010000100
10001100000010011100
11000010000010010010
00011000111001001010
00011011010010110101
00100001001000001110
00010000000010000010
00000100000000000000
00100000000000000001
00000000000011000000
01000001000010001100
01000000000000100100
00101000001001100101
10111010011110101100
11011100001001011001
01011101011111011011
00110000011000011110
00010100000010000011
10011110001010010110
10110001010010011101
00100010001001000100
10101101010010011001
00010000011100010111
10011110011011001110
01011000110101100010
01000010100001010000
10000100101001100100
00001000100010000100
00000000010001000000
00101000100001101010
10100011000011001010
00101000001001101000
00000000100000100000
01000000101110111010
00011010000111001000
01000001100000010010
01000110110100100011
01100010110001100011
11000100000000101100
00010010100000100000
00001000000000000001
00000000000010000000
00000001001000000001
00001001001000000000
00011000000100100000
10101010001110101100
10100110110011000100
10010010101110000001
01011011100000010101
00100011110011100100
00000010110011101010
00100001010011100000
00010011011001100011
01010111001011100001
10010111111011110011
10101001111111010110
10101011000011001110
01001100011010001100
10101000101001111000
00011000001001100110
00000000000000000100
00001000100010000100
00000001000010011100
00100000100000100100
01001101010110010000
11000000100000010100
10100001100110000111
01000000000110010010
01001100000100010010
10000100100100000010
00100000001000000010
00100000000001000001
10001000001000100000
00000000000000101000
00100001001001001001
00001100001000001000
00110110011011101001
11001111110100010111
01101001011011100111
01010111011100101010
11000101001000100011
01110101111001110101
11011101010101101100
11011101110011101110
01001100001001110110
11010000101010011100
10011001000010101100
01000101101000101101
01011001011111010101
00001110000101001001
00000101010000010000
00010010110000001000
10001100011000001000
00001000000010010100
10000000100010000011
10100001110010100001
10001010000000000100
10000110000110000010
00100000000000000010
00100100000000001000
00000110000001011000
00100100110010011010
00110100101001000000
10110000000010000011
01111100100000000110
00010001100001000000
00010000000100010100
00010100100000010000
11100110101000101010
11101010111111011111
10100110110000011001
01111010100000110011
11111011111111101010
00100011010101110010
10111001100000100001
10111000110010010100
01000101000001001000
11101000000010010001
10100001000001000000
10001100010010000000
00010000000110001000
00100100001011001010
01000110101010001000
00010001001010001000
00000100000000000010
00000000000000000100
00110100010000010000
01110111010100110001
10101111010110110001
00110101001111100001
00100001001000100000
10100000000000100000
10010101000000000011
00010000010000100010
00000001000010000000
00010001000000000101
10001000000000000000
00000000000010000000
00000000100000000000
00100001100000100000
00010011110000110001
00111111100110111010
00000100110000101100
00011111110011100111
01010101110101100011
00100001011010101001
01100101000001110011
00101001000111000101
00000001010001000000
00000001001100010000
00101000000100100001
11101000100000111001
01101010010001000100
01001010100101000100
00100011110001000100
00000010000011000100
00000000100001000010
10001000100010000000
00101101100000010000
00001000100000011010
10101010101011001001
10101000101010101010
10100000101010010110
00000100100000001110
00101000101011000010
11111000101100001001
10001000010000001000
00000000000010000000
00000000000000000010
01000000000000000010
00000001100010100100
00000001000001000000
00010111100010111000
00111011111011010101
11111000101000001001
00111010101111101101
11111010110111101101
00101111001100011111
10001010100001001010
00111010000101001110
10101111011010001001
10100010011111010011
00100001010011001001
00100101110010010001
00101001101010000001
00000110100100011000
00000100010001011010
00100100010000011000
01110000000110000000
00100010000011100000
00100000000110000111
00110001000100101010
00010000001001001000
00000011000100100110
01000100000001101010
11001001000101101010
10100100110001001000
01101100000101001000
00100100000010000000
00010000000100000011
10100001010000000001
00100000000000000000
01000000000000100001
00000000000001000010
01010010000100110100
01100000111001111101
11100101111001111101
01110110000100111101
00010110010011001101
01111010110011101110
11101101001011001010
00000100111001000100
01100111011101110100
00111111010101001100
00101011110000110010
00100000110110010011
00110001110010011010
10100011111001101000
10101011101010011100
01101110010010101000
00100001000110010010
00001001110010011001
00101000010010000000
01000000010000000101
01100010100101001100
11001011010111000100
01101000000000001100
11001000000100011010
10100000010010101000
10001000000010000010
00101000000001000000
00000010000010001000
01000001000000001001
00000000000001000001
00100000000000010000
01000000010010001000
10011010001001101101
11111110001110001101
11001110100100100101
01011100101110001101
11011110111000111101
11001000101101100101
01001100100000101100
11001100110010111100
01010111110000110001
00001100010000000000
01001000010001001100
00000000000000100100
00001000110000100110
00100001100001100000
10000110010111000000
10000100000010000011
00010001000100000010
00101000001000000011
00111001100001001100
00111100101001001110
00011011101010010110
10001011101110010110
10001000000101010001
00101000000101010010
00100011100101000001
00100000000001000010
00100000000001000001
00000000000001000100
00000011000000000000
00001000100000000011
00010000000010000110
00001001110010000000
10011011100000101001
10111000001101111100
01011000001001100000
00010101101010101100
10000010001110000100
10000100000100000100
11100110110110001000
00100100010010001000
01000000000000000010
10100101000101010010
10000100000101000100
00100010001011001100
01101010001101010011
01001011010101111001
01111101100011010111
01101011100001110110
00000100000101100100
00011100000100000000
00000100011000010101
10101100011100010001
11011101101101101111
00011100000010000101
00000101000101010000
00101000100000001001
00000101100101101010
01000100000100100000
01000000000100000000
00000000000100100110
00100010000101000000
01101001010100010100
00011000010000010000
00001001010000010010
00000001011100111011
00101111011101111101
01110110010100111100
00101001001101101000
01010011000000011000
00100001000110100010
00101001110000010000
00000101001101001010
10110001111010111001
00010010010110001010
00010000000010000000
11011001110010000010
10001001001111001101
10010001001101010001
10011110111010011000
11000110110011011101
10001000010000000000
11000000000001001100
00100000000001000110
00010010100011000011
10000100011000110101
10000000001000101000
01001011000001101101
01000000001000110001
00010000101101010110
00010011000000100000
00001001001010000000
10000001000000001000
10000001001001000110
00000100001001000100
10000000001100000010
00000000010101000110
00110100001000100001
01100101101000101011
11001000110001100011
01010110111010100011
01000011011110111110
11001000101100110011
11011101111010010100
10010000010000100110
00000001011000110001
01001000110100000011
10001000110000110000
00000011110111100110
01000010001010110000
01100101001010000100
01111100111010011000
01011100111000010011
10000100001000000001
10100011000000001001
11000001010000010010
00100010010000100010
00100100000100001100
00110010100011000100
00000010000001100000
00001000001001101100
00000000001001010000
10010011101001001001
00001001001010001100
10000010000100001000
10000010001100000100
10010001000000010100
10011101011010010101
00001100001000000100
01100110101011011011
00111110011011001001
01001110001111010101
00000101011100010011
11110010101010110111
11010000110010010111
01010000000011000010
11010101110001000100
10010001010110010100
11100101101000000100
01100100001010000110
01010001101000000001
11010000011111100011
11100101111010110011
11110101011110010101
10000111001010100001
00010000000000000000
00010000010000000010
00100010100110000110
00110100000100100001
00001000001100101001
00011110011000011000
00011000101011010011
01000011010110100000
00011000100000101000
00101000001010100100
00000001000010000000
00010000000100100000
00100000000000000001
11010001000100010010
10000000001100000000
00100001000101001000
00000100110000001001
11111110110101100110
10111111110100110111
11000010001010101010
10100111010110100110
00110010000100100100
10100011011000100000
10000001011010000011
01001000101010101100
01010111101110110000
01001100101010001000
00001010000010010011
00101000001001000000
00111100101001010001
00011010011011000100
10011000000001000101
10010100000010000000
10100010001010101000
10100001110010010101
10000011110000100001
00000011000001101000
00101001100110000101
00100001100000100010
00100000000011000101
00110101110100111011
00101000100000011000
10001000000000010010
10000000010000011000
00101000000000000000
10001010000000000001
10001000000001010010
00010000001001000000
00010100101010000001
11110100101010001010
10011001011010111110
01100000110110110001
00000010001000100100
10111010101010111011
10111010101010111011
10011001011110001010
11010100101010111001
11000010010110001011
00000010011010011011
10010000000001000001
10101000010100100100
10011010000011000110
00000000000111000010
10001001010000000101
11000100001001010000
11100111000000011000
00010011110001101000
01000100000100111010
10011000101001011000
10010100000000010001
01000011000101001100
01000011000101010010
00110010100100010011
00000110010000000001
11011010000101010000
11000011001110000010
00000000000000000010
10001100000101010000
00011000000101000110
10010100000000000100
10010110000011010011
11000111110111001010
10011101110001011110
11010111000101010110
01010010110111101111
00010100110011010101
10111101101101001001
00010100001001010111
00110111100110010111
00010101110101000110
00010000100001001100
10000000000101001000
01000001000101001010
01000011100001000000
01000000000000000001
01100000001000001000
10011100100100000010
00111110111011111011
01111110101011101001
01001000101100100010
00111001101001101010
10001010101001000010
10100010001001011000
10100100010110100101
00000100010000100001
00000100110010000000
10000110000000101000
00010000000110010010
00010000000101001000
00000000100001000010
00000100000101000010
10010100100000000111
01101011101001111011
01111010001101110010
01110011010101011011
01101001011101011010
00101001011101100010
01000101010001010111
01111000011001001010
00100000011001010000
00000010000101000100
10100100010100000000
01101010000100100100
01011010000101010000
01000010010001110001
11010100010000110111
01100011011010100100
10001010011110110110
00010100100110000101
10000010000100000001
01110000000000100011
00010000000001100001
01010001000100000010
01100000000000101000
10100000110001000000
00100110000001000010
10001000100010001010
00000000100000000000
00001000000000000000
01000010000000010100
10001000000010000110
10011011010000000100
01010000001001000010
01110011100010000011
01011100001110101010
00111100001010001001
11111101011110101111
11011101101110101101
11000101000110101100
11010101001010101000
00000101011000000100
11000101100001101101
00010000100000000000
10110000100000100101
10101000100000001000
10000000100000100101
10001000100010100101
01010101110000000000
00101000000100000101
01000100010000000001
01100010000001010001
10100000100000000101
01100000001110000001
11001001001000001001
00101000010100000000
01000000000000100000
01001000000010000000
11000000101001100000
01000000001000000000
01000000100100000000
00100000000000000010
01000000010000000010
00000000010000010010
10000010001001000010
00001010001000110010
01100000001001010010
10010101101111000001
10010001110100000110
10010011100111001101
00111100010111000101
00010001010111000100
01010001110110010101
10001001110111010000
10110001000011101010
11010111100011001011
11000000100000101000
00000101100001101100
01010010110010100100
01001000000110101000
00010000100000110101
10110100100100100011
10000010010000000000
10000000001010100101
10100111010001000001
11000010000001011001
00010010000000010001
01010000000000000001
00001001100000000010
00111001101100011001
00100001000101010011
01000000000100000001
00010001000000010000
00000001000000000011
00000001000000000010
00010010000000011001
10000001001000011000
00000010001000000000
00001111010000010000
00111011000110110010
01111011110111111000
11100100010111001100
01010001101010100110
11011010100110110100
01010000101100010010
00100010111111100011
01100011101111000011
11110101110001001011
01010010010110100100
01000110010010010001
01101011010010101001
00101110100110110000
01101101000111110110
00010001100101000000
00001001001111010000
00100001000000010000
00001000000100001000
00010001011000010110
00001001010010011000
10111110100110011011
00010001000000010011
00001001101010010101
00011000000010000100
11111100011011010100
01001001010110000110
11000001100000110100
11010001000110000010
01000100001110110000
01000000001000100000
11000000100000100010
01000000101000100000
01011000001100010000
11111001010111001010
00011101010111100111
00010110010110001000
00000011001100100010
00110101000001000011
00110010001010000000
11101010000010100010
00000101001001010001
01100110101001010101
10011101011000000101
10010100010000111000
00010000010100110101
11000110000101010001
01100110000100001001
10100100000100111001
00000000000100000000
11011101100110100100
00100100000101000000
10111010100110011100
10101100110100110101
11010110011100010101
11010100100000000100
00001110101010100000
00000000000010000101
10000010100010000000
01010110101010100100
00001000100010010100
00001000001000000000
00001000000100000000
00001000000100010101
10000000000100000000
00000011010001011000
10110111110111100111
11100000011001001000
00000011011010100000
11010001110011010000
10000010000100010000
00010000010110010100
11010101111010001100
10001011001101101100
00010100000000000100
01010100110000011100
00000000100010010000
00100100100100101001
10010000001000100010
10110011011100101000
10001011001100111110
10001000000000000000
00001010010000101010
01000100100010001000
11001010001010101000
01001000110000101000
01000000000000110000
00010100000000101000
11000010001010011010
01000000010000011000
00000001100000001000
01000011010010011000
00100000100000010000
00100000010110000010
00101100101010010010
10111000001000000010
00101000010000000010
